A1,A0,10.360,354.300,22.300,0.000,3.000,-9.900,2.000,174.300,-22.400,,
A1,A2,3.980,250.600,-53.500,4.000,-9.900,2.000,3.000,70.900,53.600,,
A2,A3,12.300,91.900,-43.600,4.000,3.000,3.000,2.000,272.800,43.700,,
A3,A4,13.130,87.900,-13.200,-9.900,9.000,3.000,-9.900,267.800,13.400,,
A4,A5,5.010,321.100,47.400,0.000,0.000,0.000,0.000,141.500,-47.100,,
A5,A6,8.350,35.800,11.200,0.000,0.000,0.000,0.000,216.300,-11.300,,
A4,A7,13.330,222.600,-11.500,7.000,2.000,4.000,9.000,42.700,11.600,,
A7,A8,4.090,209.900,-67.600,0.000,0.000,0.000,0.000,29.900,67.500,,
A8,A9,9.700,289.400,21.700,3.000,0.500,2.500,6.000,108.000,-22.300,,
A9,A10,7.720,275.600,12.700,4.000,0.800,1.500,4.000,95.300,-12.600,,
A10,A11,7.810,237.900,-6.400,1.700,3.000,2.500,7.000,57.500,6.700,,
A11,A12,5.620,292.800,-15.300,3.000,6.000,2.000,4.000,113.000,15.100,,
A12,A13,6.890,291.500,12.200,0.000,0.000,0.000,0.000,111.400,-12.300,,
A8,A14,25.630,72.800,-26.600,2.000,11.000,4.000,16.000,252.800,26.800,,
A14,A15,14.460,194.000,-24.400,0.000,0.000,0.000,0.000,14.100,24.300,,
A15,A15A,13.120,287.100,-8.800,0.000,0.000,0.000,0.000,-999.000,-999.000,,
A15,A16,8.280,92.700,-36.000,12.000,18.000,0.000,3.000,272.200,35.800,,
A16,A17,22.340,92.100,-21.700,1.000,19.000,4.000,12.000,272.100,21.400,,
A17,A18,34.440,108.000,-11.300,4.000,22.000,2.000,12.000,288.200,11.100,,
A18,A19,22.660,130.700,-10.100,8.000,18.000,7.000,13.000,311.200,10.200,,
A20,A19,22.900,264.300,3.600,4.000,1.000,2.000,8.000,84.300,-4.100,,
A21,A19,22.810,310.400,0.500,6.000,11.000,15.000,10.000,130.200,-0.600,,
A20,B1,22.100,83.500,-7.000,6.000,5.000,4.000,0.000,263.500,7.200,,
B1,B2,19.400,70.100,-1.200,0.000,3.000,5.000,3.000,250.000,1.300,,
B2,B3,27.590,84.900,-2.200,3.000,4.000,6.000,3.000,264.800,2.100,,
B3,B4,11.130,83.300,-9.500,6.000,4.000,6.000,1.000,262.600,9.100,,
B4,B5,28.470,76.600,-2.700,4.000,8.000,4.000,4.000,256.300,2.800,,
B5,B6,4.600,156.800,36.100,1.000,10.000,7.000,1.000,336.700,-36.300,,
B6,B7,8.720,113.000,-4.900,4.000,6.000,2.000,4.000,293.200,4.600,,
B7,B8,7.400,104.100,37.500,4.000,15.000,11.000,6.500,284.000,-38.100,,
B8,B9,4.980,112.400,-15.300,4.000,0.000,4.000,1.000,293.000,15.900,,
B9,B10,17.830,111.100,-16.300,3.000,1.000,3.000,4.000,291.100,16.200,,
B10,B11,11.350,107.100,-14.600,4.000,2.000,3.000,4.000,286.800,14.900,,
B11,B12,10.400,92.500,-3.200,2.000,1.000,0.000,2.000,272.300,3.600,,
B12,B13,7.970,82.900,-13.400,0.000,1.000,2.000,4.000,262.400,13.700,,
B13,B14,7.670,148.600,-5.700,3.000,1.000,5.000,2.000,328.800,5.800,,
B14,B15,7.180,91.700,-6.500,0.000,0.000,0.000,0.000,272.300,6.400,,
B15,B16,23.450,108.500,-36.400,0.000,0.000,0.000,0.000,288.400,36.700,,
B16,B17,15.310,126.300,11.700,0.000,0.000,0.000,0.000,305.600,-11.600,,
B18,B17,12.740,154.500,48.400,0.000,0.000,0.000,0.000,-999.000,-999.000,,
B18,B19,5.950,356.600,-84.700,0.000,0.000,0.000,0.000,-999.000,-999.000,,
B19,B20,2.660,201.400,-1.500,0.000,0.000,0.000,0.000,-999.000,-999.000,,
B20,B21,8.260,303.700,5.600,0.000,0.000,0.000,0.000,-999.000,-999.000,,
B22,A20,8.140,334.600,40.400,0.000,0.000,0.000,0.000,154.200,-40.500,,
B23,B22,2.170,323.000,-11.900,0.000,0.000,0.000,0.000,143.000,11.900,,
B23,B24,10.330,255.000,2.600,0.000,0.000,0.000,0.000,-999.000,-999.000,,
B25,B23,6.730,323.400,-0.900,0.000,0.000,0.000,0.000,143.400,0.900,,
A21,B25,16.000,68.200,-24.900,0.000,0.000,0.000,0.000,248.200,24.900,,
B26,A19,13.660,0.200,-7.600,0.000,0.000,0.000,0.000,180.000,7.700,,
B26,B27,9.570,268.400,-69.500,0.000,0.000,0.000,0.000,88.300,69.500,,
B27,B28,9.620,112.600,-10.500,0.000,0.000,0.000,0.000,-999.000,-999.000,,
A16,C1,11.120,232.100,-16.500,-9.900,-9.900,2.000,3.000,52.500,15.900,,
C1A,C1,9.250,32.400,-67.400,0.000,0.000,0.000,0.000,-999.000,-999.000,,
C1A,C1B,6.770,294.000,19.000,0.000,0.000,0.000,0.000,-999.000,-999.000,,
C1,C2,6.330,290.600,-13.900,-9.900,9.000,2.000,2.000,110.500,13.900,,
C3,C2,6.010,111.800,12.300,0.000,0.000,0.000,0.000,291.900,-12.100,,
C3,C4,7.860,323.100,31.000,0.000,0.000,0.000,0.000,-999.000,-999.000,,
C4,C5,1.470,91.100,16.000,0.000,0.000,0.000,0.000,-999.000,-999.000,,
C5,C6,4.210,302.800,3.000,0.000,0.000,0.000,0.000,-999.000,-999.000,,
C6,C7,8.180,340.000,46.400,0.000,0.000,0.000,0.000,-999.000,-999.000,,
C4,C8,2.030,175.100,1.400,0.000,0.000,0.000,0.000,-999.000,-999.000,,
C8,C9,11.770,251.100,-0.400,0.000,0.000,0.000,0.000,-999.000,-999.000,,
C3,C10,4.600,244.600,22.500,0.000,0.000,0.000,0.000,64.700,-22.400,,
C10,C11,4.200,320.100,25.200,0.000,0.000,0.000,0.000,139.800,-24.600,,
C11,C11A,6.090,352.500,19.400,0.000,0.000,0.000,0.000,-999.000,-999.000,,
C9,C12,5.500,311.700,-14.300,0.000,0.000,0.000,0.000,131.100,14.100,,
C12,C13,12.490,257.400,6.700,0.000,0.500,3.000,2.000,77.600,-6.700,,
C12,C14,6.600,279.200,-34.500,0.000,0.000,0.000,0.000,-999.000,-999.000,,
C14,C15,2.980,266.500,-7.600,0.000,0.000,0.000,0.000,-999.000,-999.000,,
C13,C15,7.010,59.400,-49.900,0.000,0.000,0.000,0.000,-999.000,-999.000,,
C13,C16,9.810,291.800,-2.200,0.000,0.000,0.000,0.000,111.700,2.300,,
C16,C17,3.250,204.400,12.200,0.000,0.000,0.000,0.000,24.600,-11.800,,
C18,C17,9.200,104.800,-0.800,0.000,0.000,0.000,0.000,284.800,0.500,,
C18,C18A,6.520,358.900,47.500,0.000,0.000,0.000,0.000,-999.000,-999.000,,
C18,C19,3.290,282.300,-4.000,0.000,0.000,0.000,0.000,102.000,4.100,,
C19,C20,13.130,276.600,42.000,0.000,0.000,0.000,0.000,96.400,-42.000,,
C20,C20A,6.440,322.700,32.500,0.000,0.000,0.000,0.000,-999.000,-999.000,,
C20,C20B,3.050,108.700,22.300,0.000,0.000,0.000,0.000,-999.000,-999.000,,
C20B,C20C,5.950,201.600,68.400,0.000,0.000,0.000,0.000,-999.000,-999.000,,
C9,C21,10.410,99.000,-31.400,0.000,0.000,0.000,0.000,278.800,31.100,,
C21,C22,2.120,66.800,31.900,0.000,0.000,0.000,0.000,-999.000,-999.000,,
C22,C2,9.740,91.500,10.600,0.000,0.000,0.000,0.000,-999.000,-999.000,,
C22,C22A,8.400,262.700,84.000,0.000,0.000,0.000,0.000,-999.000,-999.000,,
C2,C23,12.320,181.900,-24.500,0.000,3.000,2.000,3.000,2.000,24.300,,
C23,C24,12.600,220.600,-23.400,0.000,6.000,3.000,2.000,40.200,23.200,,
C24,C25,8.270,280.000,-2.800,3.000,4.000,4.000,4.000,100.900,2.800,,
C25,C26,8.260,225.800,-7.700,-9.900,5.000,-9.900,-9.900,45.700,7.800,,
C26,C26A,12.250,341.500,32.300,0.000,0.000,0.000,0.000,-999.000,-999.000,,
C26,C27,10.910,101.100,-17.400,2.000,7.000,4.000,2.000,280.900,17.400,,
C27,C27A,9.950,146.700,-88.900,0.000,0.000,0.000,0.000,-999.000,-999.000,,
C28,C27,7.020,303.400,-18.400,3.000,13.000,-9.900,0.000,123.400,18.400,,
C28,C28A,13.500,133.400,-85.700,0.000,0.000,0.000,0.000,-999.000,-999.000,,
A13,C29,7.860,289.600,-6.400,0.000,0.000,0.000,0.000,-999.000,-999.000,,
C29,C30,13.680,263.500,7.000,0.000,0.000,0.000,0.000,-999.000,-999.000,,
C30,C31,11.030,282.600,71.900,0.000,0.000,0.000,0.000,-999.000,-999.000,,
C30,C32,7.790,228.100,5.000,0.000,0.000,0.000,0.000,-999.000,-999.000,,
C32,C33,7.220,309.800,12.700,0.000,0.000,0.000,0.000,-999.000,-999.000,,
D0,A19,17.390,326.500,16.100,0.000,0.000,0.000,0.000,146.100,-16.300,L,
D0,D0A,9.630,89.600,-42.500,0.000,0.000,0.000,0.000,269.800,42.800,L,
D0A,D1,4.450,341.600,-30.400,4.000,21.000,-9.900,4.000,161.700,30.300,,
D1,D2,9.180,325.000,-54.500,0.000,7.000,0.000,4.000,144.800,54.200,,
D2,D2A,11.050,318.300,-26.400,0.000,0.000,0.000,0.000,-999.000,-999.000,,
D2,D3,5.120,190.200,-34.800,2.000,1.000,0.000,0.000,10.100,35.000,,
D4,D3,7.530,277.000,47.600,-9.900,2.000,-9.900,1.000,96.900,-47.600,,
D4,D5,4.610,32.100,-57.600,-9.900,5.000,6.000,-9.900,213.100,57.900,,
D5,D5A,2.020,193.600,20.400,0.000,0.000,0.000,0.000,-999.000,-999.000,,
D5A,D5B,23.250,315.700,25.600,0.000,0.000,0.000,0.000,-999.000,-999.000,,
D5,D6,10.590,140.000,-42.200,1.000,1.000,1.000,0.000,319.800,42.200,,
D6,D7,6.400,116.400,-15.100,2.000,1.000,2.000,1.000,296.300,15.400,,
D7,D8,9.460,106.100,-29.600,1.000,1.000,0.000,0.000,286.000,29.600,,
D9,D8,11.790,256.200,13.600,-9.900,4.000,0.000,-9.900,76.200,-13.600,,
D9,D10,5.670,207.600,-49.600,1.000,0.000,1.000,1.000,27.500,49.500,,
D9,D11,4.440,168.000,-51.000,0.000,0.000,0.000,0.000,348.250,51.000,,
D11,D12,3.180,82.300,1.500,0.000,0.000,0.000,0.000,262.400,-1.500,,
D9,D9A,11.550,305.900,32.500,0.000,0.000,0.000,0.000,-999.000,-999.000,,
D1,D13,5.920,271.600,-25.700,1.000,3.000,0.000,1.000,91.600,25.700,,
D13,D14,3.650,253.300,46.200,0.000,0.000,0.000,0.000,-999.000,-999.000,,
D14,D15,7.920,303.600,11.700,1.000,4.000,1.000,1.000,-999.000,-999.000,,
B25,D16,16.310,129.300,-39.900,0.000,0.000,0.000,0.000,309.100,39.700,,
D16,D16A,7.960,358.100,-9.000,0.000,0.000,0.000,0.000,-999.000,-999.000,,
D16A,D16B,11.920,205.900,-85.300,0.000,0.000,0.000,0.000,-999.000,-999.000,,
D17,D16,8.550,270.600,-45.700,0.000,0.000,0.000,0.000,90.600,45.600,,
D17,D18,14.270,122.100,-8.000,0.000,0.000,0.000,0.000,302.100,8.400,,
D19,D18,13.930,192.000,-27.700,0.000,0.000,0.000,0.000,-999.000,-999.000,,
D19,D20,5.560,53.800,-47.500,0.000,0.000,0.000,0.000,-999.000,-999.000,,
D20,D21,5.700,162.100,-20.100,0.000,0.000,0.000,0.000,-999.000,-999.000,,
D21,D22,6.110,106.700,-56.600,0.000,0.000,0.000,0.000,-999.000,-999.000,,
D22,D23,9.690,223.800,84.800,0.000,0.000,0.000,0.000,-999.000,-999.000,,
D24,D18,12.090,283.400,39.000,0.000,0.000,0.000,0.000,103.700,-39.000,,
D24,D25,8.610,347.800,-24.500,0.000,0.000,0.000,0.000,167.800,24.500,,
D25,D25A,16.130,82.700,4.700,0.000,0.000,0.000,0.000,-999.000,-999.000,,
D25,D26,12.860,118.200,-36.600,0.000,0.000,0.000,0.000,298.000,36.400,,
D27,D25,7.810,157.700,-7.600,0.000,0.000,0.000,0.000,-999.000,-999.000,,
D27A,D27,10.320,69.700,-7.600,0.000,0.000,0.000,0.000,-999.000,-999.000,,
D27A,D27B,2.680,103.900,12.700,0.000,0.000,0.000,0.000,-999.000,-999.000,,
D27B,D27C,6.080,162.200,55.700,0.000,0.000,0.000,0.000,-999.000,-999.000,,
D27C,D27D,5.120,0.000,90.000,0.000,0.000,0.000,0.000,180.000,-90.000,,
D18,D28,17.840,120.400,0.800,0.000,0.000,0.000,0.000,300.700,-0.800,,
D28,D28A,7.030,159.200,16.300,0.000,0.000,0.000,0.000,-999.000,-999.000,,
D28A,D28B,16.380,257.300,1.200,0.000,0.000,0.000,0.000,-999.000,-999.000,,
D28,D29,7.420,100.000,-0.800,0.000,0.000,0.000,0.000,279.900,0.700,,
D29,D30,14.020,60.900,-70.400,0.000,0.000,0.000,0.000,241.200,70.300,,
D30,D31,7.310,55.200,4.800,0.000,0.000,0.000,0.000,235.200,-5.200,,
D30,D30A,17.840,126.500,23.800,0.000,0.000,0.000,0.000,-999.000,-999.000,,
D31,E1,9.530,173.700,5.600,0.000,0.000,0.000,0.000,-999.000,-999.000,,
E1,E1a,11.660,115.200,29.800,0.000,0.000,0.000,0.000,-999.000,-999.000,,
E1,E1b,4.750,159.000,13.800,0.000,0.000,0.000,0.000,-999.000,-999.000,,
E1,E1c,19.860,304.400,12.800,0.000,0.000,0.000,0.000,-999.000,-999.000,,
E1b,E1d,8.220,164.000,58.200,0.000,0.000,0.000,0.000,-999.000,-999.000,,
D31,E2,20.900,94.900,-76.000,0.000,0.000,0.000,0.000,274.800,75.900,,
E2,E3,10.100,90.800,-18.700,0.000,0.000,0.000,0.000,271.100,18.700,,
E3,E4,6.560,115.500,-12.000,0.000,0.000,0.000,0.000,-999.000,-999.000,,
E4,E5,6.450,72.300,5.800,0.000,0.000,0.000,0.000,-999.000,-999.000,,
E5,E6,7.600,119.200,-9.800,0.000,0.000,0.000,0.000,-999.000,-999.000,,
E2,E7,5.900,303.500,-25.800,0.000,0.000,0.000,0.000,124.300,25.500,,
E7,E8,8.900,333.900,38.900,0.000,0.000,0.000,0.000,-999.000,-999.000,,
E8,E9,12.820,250.100,10.200,0.000,0.000,0.000,0.000,-999.000,-999.000,,
E7,E10,11.600,313.700,-74.200,0.000,0.000,0.000,0.000,133.600,74.200,,
E11,E10,4.730,240.400,45.400,0.000,0.000,0.000,0.000,60.200,-45.600,,
E11,E11A,12.220,126.300,30.700,0.000,0.000,0.000,0.000,-999.000,-999.000,,
E11,E12,12.810,172.900,-40.200,0.000,0.000,0.000,0.000,352.800,40.200,,
E12,E12A,11.700,274.000,47.400,0.000,0.000,0.000,0.000,-999.000,-999.000,,
E12,E12B,13.120,150.800,1.000,0.000,0.000,0.000,0.000,-999.000,-999.000,,
E12,E12C,6.830,132.100,-33.200,0.000,0.000,0.000,0.000,-999.000,-999.000,,
E12C,E12D,5.130,82.000,-25.200,0.000,0.000,0.000,0.000,-999.000,-999.000,,
E12D,E12E,4.630,263.400,-61.500,0.000,0.000,0.000,0.000,-999.000,-999.000,,
E10,E13_,8.500,262.900,39.400,0.000,0.000,0.000,0.000,83.300,-39.500,,
E13_,E13,23.300,285.700,-14.200,0.000,0.000,0.000,0.000,105.700,14.100,,
E13,E13A,14.710,330.000,52.900,0.000,0.000,0.000,0.000,-999.000,-999.000,,
E13,E14,8.000,248.700,21.500,0.000,0.000,0.000,0.000,68.700,-21.200,,
E14,E15,0.960,16.100,35.800,0.000,0.000,0.000,0.000,197.400,-36.800,,
E15,D12,6.060,258.200,30.400,0.000,0.000,0.000,0.000,78.200,-30.400,,
E13,E16,7.570,148.900,-12.700,0.000,0.000,0.000,0.000,-999.000,-999.000,,
E16,E17,7.460,119.200,-55.200,0.000,0.000,0.000,0.000,-999.000,-999.000,,
E17,E18,8.420,129.100,-30.000,0.000,0.000,0.000,0.000,-999.000,-999.000,,
E18,E19,8.690,84.300,3.700,0.000,0.000,0.000,0.000,-999.000,-999.000,,
E18,E20,5.980,240.000,-6.100,0.000,0.000,0.000,0.000,-999.000,-999.000,,
E20,E21,17.450,176.200,-32.100,0.000,0.000,0.000,0.000,-999.000,-999.000,,
E21,E22,6.870,235.400,-1.900,0.000,0.000,0.000,0.000,-999.000,-999.000,,
E23,E13,24.340,299.600,-50.400,0.000,0.000,0.000,0.000,119.600,50.400,,
E24,E23,8.290,56.700,-83.000,0.000,0.000,0.000,0.000,-999.000,-999.000,,
D26,E24,1.700,247.300,-46.500,0.000,0.000,0.000,0.000,-999.000,-999.000,,
C28,F1,10.070,71.000,-26.200,0.000,0.000,0.000,0.000,251.800,26.000,,
F1,F2,6.580,349.300,-77.300,0.000,0.000,0.000,0.000,170.000,77.200,,
F2,F2A,5.530,242.400,-14.300,0.000,0.000,0.000,0.000,-999.000,-999.000,,
F2A,F2B,2.820,186.600,1.000,0.000,0.000,0.000,0.000,-999.000,-999.000,,
F2B,F2C,6.040,302.700,13.600,0.000,0.000,0.000,0.000,-999.000,-999.000,,
F2,F3,20.010,111.800,-0.200,0.000,0.000,0.000,0.000,291.700,0.300,,
F3,F4,8.690,135.800,-9.800,0.000,0.000,0.000,0.000,315.700,9.700,,
F4,F5,6.080,27.500,-67.300,0.000,0.000,0.000,0.000,207.800,67.200,,
F5,F6,9.790,135.700,19.000,0.000,0.000,0.000,0.000,315.700,-19.000,,
F6,F7,8.210,252.900,35.900,0.000,0.000,0.000,0.000,73.000,-35.800,,
F7,F8,2.780,281.000,31.600,0.000,0.000,0.000,0.000,101.000,-31.700,,
F8,F9,8.300,299.300,17.800,0.000,0.000,0.000,0.000,119.200,-17.800,,
F9,F10,5.130,242.800,-11.500,0.000,0.000,0.000,0.000,-999.000,-999.000,,
F10,F11,3.750,223.800,2.600,0.000,0.000,0.000,0.000,-999.000,-999.000,,
F11,F12,6.290,262.700,3.900,0.000,0.000,0.000,0.000,-999.000,-999.000,,
F12,F13,3.670,273.500,2.900,0.000,0.000,0.000,0.000,-999.000,-999.000,,
F6,F14,10.900,37.500,-62.600,0.000,0.000,0.000,0.000,217.400,62.700,,
F14,F15,9.780,115.600,-15.100,0.000,0.000,0.000,0.000,295.600,15.000,,
F15,F15B,17.880,278.300,2.400,0.000,0.000,0.000,0.000,-999.000,-999.000,,
F15,F16,4.850,88.900,-15.900,0.000,0.000,0.000,0.000,268.700,14.700,,
F16,F17,7.200,125.100,22.600,0.000,0.000,0.000,0.000,305.500,-22.500,,
F17,F18,8.080,191.900,56.900,0.000,0.000,0.000,0.000,12.000,-56.800,,
F18,F19,9.160,229.500,57.200,0.000,0.000,0.000,0.000,49.500,-57.200,,
F19,F20,4.480,219.500,41.300,0.000,0.000,0.000,0.000,39.700,-41.300,,
F21,F20,3.450,179.100,-2.400,0.000,0.000,0.000,0.000,359.000,2.400,,
F21,F6,19.390,308.300,-19.600,0.000,0.000,0.000,0.000,128.300,19.600,,
F20,F22,14.760,101.000,-25.800,0.000,0.000,0.000,0.000,281.100,25.700,,
F22,F23,19.140,111.300,-21.800,0.000,0.000,0.000,0.000,291.300,21.800,,
F23,F24,15.990,113.700,-3.300,0.000,0.000,0.000,0.000,293.800,3.400,,
F24,F24_,10.340,61.300,-59.300,0.000,0.000,0.000,0.000,241.200,59.200,,
F24_,F25A,18.650,-999.000,-999.000,0.000,0.000,0.000,0.000,91.300,-6.000,,
F24_,F26,7.580,328.300,-6.400,0.000,0.000,0.000,0.000,148.300,6.200,,
F24_,F27,9.360,103.400,-7.400,0.000,0.000,0.000,0.000,283.300,7.400,,
F28,F24_,11.240,79.300,-31.900,0.000,0.000,0.000,0.000,259.300,32.000,,
F28,F29,7.060,342.200,37.300,0.000,0.000,0.000,0.000,161.400,-37.600,,
F29,F30,17.660,73.900,2.500,0.000,0.000,0.000,0.000,253.800,-2.400,,
F31,F24_,8.710,123.800,50.600,0.000,0.000,0.000,0.000,-999.000,-999.000,,
F31,F32,5.300,342.200,-21.700,0.000,0.000,0.000,0.000,-999.000,-999.000,,
F32,F33,6.000,339.300,-69.300,0.000,0.000,0.000,0.000,-999.000,-999.000,,
F33,F34,6.970,280.800,-2.400,0.000,0.000,0.000,0.000,-999.000,-999.000,,
F34,F35,8.220,308.500,63.200,0.000,0.000,0.000,0.000,-999.000,-999.000,,
